5.761211272340000141e+05 6.540806526039999910e+06
5.611289514079999644e+05 6.451448662270000204e+06
4.476621268795605865e+05 6.492808564963189885e+06
4.476646607555426890e+05 6.492996257648961619e+06
4.476680800773642841e+05 6.493249538275444880e+06
4.476728488019724027e+05 6.493602773688584566e+06
4.476794994040704914e+05 6.494095406074135564e+06
4.476887745296799112e+05 6.494782445711726323e+06
4.477017098869708716e+05 6.495740610976507887e+06
4.477197499144470785e+05 6.497076896269162185e+06
4.477449090627218829e+05 6.498940518697666936e+06
4.477799967439625179e+05 6.501539580836417153e+06
4.478289310463995207e+05 6.505164308611330576e+06
4.478971762576390756e+05 6.510219460117859766e+06
4.479923733751854161e+05 6.517271029648372903e+06
4.481187333980707917e+05 6.526630940013518557e+06
4.482501615009498200e+05 6.536366260048435070e+06
4.483815896038325736e+05 6.546101580083639361e+06
4.485130177067224286e+05 6.555836900119357742e+06
4.486444458096012822e+05 6.565572220154272392e+06
4.487758739124849089e+05 6.575307540189525113e+06
4.489073020153740072e+05 6.585042860225195065e+06
4.490387301182529191e+05 6.594778180260110646e+06
4.491701582211420173e+05 6.604513500295774080e+06
4.493015863240304752e+05 6.614248820331396535e+06
4.494330144269093871e+05 6.623984140366312116e+06
4.495644425297991256e+05 6.633719460402023979e+06
4.496958706326821120e+05 6.643454780437233858e+06
4.498272987355610239e+05 6.653190100472149439e+06
4.499587268384543131e+05 6.662925420508123934e+06
4.500901549413385801e+05 6.672660740543435328e+06
4.502215830442223814e+05 6.682396060578714125e+06
4.503530111471160199e+05 6.692131380614712834e+06
4.596540305410021101e+05 6.701845816642221995e+06
4.688236218319684267e+05 6.701824932634444907e+06
4.779932131229349761e+05 6.701804048626666889e+06
4.871628044139026897e+05 6.701783164618888870e+06
4.963323957048925804e+05 6.701762280611110851e+06
5.055019869959058124e+05 6.701741396603333764e+06
5.146715782869405812e+05 6.701720512595555745e+06
5.238411695779726142e+05 6.701699628587777726e+06
5.355466647728822427e+05 6.692215672900957055e+06
5.380825686766110593e+05 6.682752601222487167e+06
5.406184725804888876e+05 6.673289529543460347e+06
5.431543764842802193e+05 6.663826457864757627e+06
5.456902803880195133e+05 6.654363386186248623e+06
5.482261842918898910e+05 6.644900314507249743e+06
5.507620881956678350e+05 6.635437242828596383e+06
5.532979920994373970e+05 6.625974171149974689e+06
5.558338960033712210e+05 6.616511099470739253e+06
5.583697999071411323e+05 6.607048027792115696e+06
5.609057038109189598e+05 6.597584956113462336e+06
5.634416077147925971e+05 6.588121884434452280e+06
5.659775116185348015e+05 6.578658812755932100e+06
5.685134155224170536e+05 6.569195741076889448e+06
5.710493194263407495e+05 6.559732669397693127e+06
5.735852233301177621e+05 6.550269597719042562e+06
4.476598458059999975e+05 6.492639598199999891e+06
4.504844392499999958e+05 6.701866700650000013e+06
5.330107608689999906e+05 6.701678744579999708e+06
5.746219096514414996e+05 6.531870739663247019e+06
5.731226920688871760e+05 6.522934953286519274e+06
5.716234744863184169e+05 6.513999166909705848e+06
5.701242569036891218e+05 6.505063380532531999e+06
5.686250393210618058e+05 6.496127594155368395e+06
5.671258217384320451e+05 6.487191807778190821e+06
5.656266041558006546e+05 6.478256021401003934e+06
5.641273865731306141e+05 6.469320235023587011e+06
5.626281689905584790e+05 6.460384448646753095e+06
5.511554831476554973e+05 6.451407717840777710e+06
5.411820148874877486e+05 6.451366773411555216e+06
5.312085466273587663e+05 6.451325828982332721e+06
5.212350783671576064e+05 6.451284884553111158e+06
5.112616101069611032e+05 6.451243940123888664e+06
5.014311030812577228e+05 6.451203582598437555e+06
4.937524139548441744e+05 6.451172059006519616e+06
4.878533084574288805e+05 6.451147841201717965e+06
4.834375554558574804e+05 6.451129713055970147e+06
4.802968696772365947e+05 6.451116819488435052e+06
4.780630695583305205e+05 6.451107648990421556e+06
4.764742891038079979e+05 6.451101126514270902e+06
4.753442753805841203e+05 6.451096487429279834e+06
4.745405580271832878e+05 6.451093187900226563e+06
4.739689174334764248e+05 6.451090841124038212e+06
4.735623404417032143e+05 6.451089171989246272e+06
4.732724673555316986e+05 6.451087981963094324e+06
4.730536774100202019e+05 6.451087083757053129e+06
4.728739775328675169e+05 6.451086346028842032e+06
